 *****************************
 *                           *
 *  Output file from ppthrm  *
 *                           *
 *****************************
  1.0000E+05
    CH2O
      3.0000E+01
      1.2800E+00
    2
    1  300.00 1000.00  7
     1.6527311E+00
     1.2631439E-02
    -1.8881680E-05
     2.0500310E-08
    -8.4132370E-12
    -1.4865404E+04
     1.3784820E+01
    2 1000.00 5000.00  7
     2.9956060E+00
     6.6813210E-03
    -2.6289540E-06
     4.7371530E-10
    -3.2125170E-14
    -1.5320369E+04
     6.9125720E+00
     END
    CH2OH
      3.1000E+01
      1.0000E+00
    2
    1  250.00 1000.00  7
     2.8626280E+00
     1.0015273E-02
    -5.2854350E-07
    -5.1385390E-09
     2.2460410E-12
    -3.3496780E+03
     1.0397938E+01
    2 1000.00 4000.00  7
     6.3275200E+00
     3.6082700E-03
    -3.2015470E-07
    -1.9387500E-10
     3.5097040E-14
    -4.4745090E+03
    -8.3293650E+00
     END
    CH3
      1.5000E+01
      1.0000E+00
    2
    1  300.00 1000.00  7
     2.4304420E+00
     1.1124099E-02
    -1.6802200E-05
     1.6218288E-08
    -5.8649520E-12
     1.6423781E+04
     6.7897940E+00
    2 1000.00 5000.00  7
     2.8440510E+00
     6.1379740E-03
    -2.2303450E-06
     3.7851610E-10
    -2.4521590E-14
     1.6437809E+04
     5.4526970E+00
     END
    CH3O
      3.1000E+01
      1.3000E+00
    2
    1  300.00 1000.00  7
     2.1062040E+00
     7.2165950E-03
     5.3384720E-06
    -7.3776360E-09
     2.0756100E-12
     9.7860110E+02
     1.3152177E+01
    2 1000.00 3000.00  7
     3.7707990E+00
     7.8714970E-03
    -2.6563840E-06
     3.9444310E-10
    -2.1126160E-14
     1.2783252E+02
     2.9295750E+00
     END
    CH3OH
      3.2000E+01
      1.0000E+00
    2
    1  300.00 1000.00  7
     2.6601150E+00
     7.3415080E-03
     7.1700500E-06
    -8.7931940E-09
     2.3905700E-12
    -2.5353480E+04
     1.1232631E+01
    2 1000.00 5000.00  7
     4.0290610E+00
     9.3765930E-03
    -3.0502540E-06
     4.3587930E-10
    -2.2247230E-14
    -2.6157910E+04
     2.3781950E+00
     END
    CH4
      1.6000E+01
      9.7000E-01
    2
    1  300.00 1000.00  7
     7.7874150E-01
     1.7476680E-02
    -2.7834090E-05
     3.0497080E-08
    -1.2239307E-11
    -9.8252290E+03
     1.3722195E+01
    2 1000.00 5000.00  7
     1.6834780E+00
     1.0237236E-02
    -3.8751280E-06
     6.7855850E-10
    -4.5034230E-14
    -1.0080787E+04
     9.6233950E+00
     END
    CO
      2.8000E+01
      1.1000E+00
    2
    1  300.00 1000.00  7
     3.2624510E+00
     1.5119409E-03
    -3.8817550E-06
     5.5819440E-09
    -2.4749510E-12
    -1.4310539E+04
     4.8488970E+00
    2 1000.00 5000.00  7
     3.0250780E+00
     1.4426885E-03
    -5.6308270E-07
     1.0185813E-10
    -6.9109510E-15
    -1.4268350E+04
     6.1082170E+00
     END
    CO2
      4.4000E+01
      1.3900E+00
    2
    1  300.00 1000.00  7
     2.2757240E+00
     9.9220720E-03
    -1.0409113E-05
     6.8666860E-09
    -2.1172800E-12
    -4.8373140E+04
     1.0188488E+01
    2 1000.00 5000.00  7
     4.4536230E+00
     3.1401680E-03
    -1.2784105E-06
     2.3939960E-10
    -1.6690333E-14
    -4.8966960E+04
    -9.5539590E-01
     END
    H
      1.0000E+00
      1.8000E-01
    2
    1  300.00 1000.00  7
     2.5000000E+00
     0.0000000E+00
     0.0000000E+00
     0.0000000E+00
     0.0000000E+00
     2.5471620E+04
    -4.6011760E-01
    2 1000.00 5000.00  7
     2.5000000E+00
     0.0000000E+00
     0.0000000E+00
     0.0000000E+00
     0.0000000E+00
     2.5471620E+04
    -4.6011760E-01
     END
    H2
      2.0000E+00
      3.0000E-01
    2
    1  300.00 1000.00  7
     3.2981240E+00
     8.2494410E-04
    -8.1430150E-07
    -9.4754340E-11
     4.1348720E-13
    -1.0125209E+03
    -3.2940940E+00
    2 1000.00 5000.00  7
     2.9914230E+00
     7.0006440E-04
    -5.6338280E-08
    -9.2315780E-12
     1.5827519E-15
    -8.3503400E+02
    -1.3551101E+00
     END
    H2O
      1.8000E+01
      8.3000E-01
    2
    1  300.00 1000.00  7
     3.3868420E+00
     3.4749820E-03
    -6.3546960E-06
     6.9685810E-09
    -2.5065880E-12
    -3.0208110E+04
     2.5902320E+00
    2 1000.00 5000.00  7
     2.6721450E+00
     3.0562930E-03
    -8.7302600E-07
     1.2009964E-10
    -6.3916180E-15
    -2.9899210E+04
     6.8628170E+00
     END
    H2O2
      3.4000E+01
      1.1200E+00
    2
    1  300.00 1000.00  7
     3.3887530E+00
     6.5692260E-03
    -1.4850125E-07
    -4.6258050E-09
     2.4715140E-12
    -1.7663140E+04
     6.7853630E+00
    2 1000.00 5000.00  7
     4.5731670E+00
     4.3361360E-03
    -1.4746888E-06
     2.3489030E-10
    -1.4316536E-14
    -1.8006960E+04
     5.0113690E-01
     END
    HCO
      2.9000E+01
      1.2700E+00
    2
    1  300.00 1000.00  7
     2.8983290E+00
     6.1991460E-03
    -9.6230840E-06
     1.0898249E-08
    -4.5748850E-12
     4.1599220E+03
     8.9836140E+00
    2 1000.00 5000.00  7
     3.5572710E+00
     3.3455720E-03
    -1.3350060E-06
     2.4705720E-10
    -1.7138500E-14
     3.9163240E+03
     5.5522990E+00
     END
    HO2
      3.3000E+01
      1.1000E+00
    2
    1  300.00 1000.00  7
     2.9799630E+00
     4.9966970E-03
    -3.7909970E-06
     2.3541920E-09
    -8.0890240E-13
     1.7622730E+02
     9.2227240E+00
    2 1000.00 5000.00  7
     4.0721910E+00
     2.1312960E-03
    -5.3081450E-07
     6.1122690E-11
    -2.8411640E-15
    -1.5797270E+02
     3.4760290E+00
     END
    N2
      2.8000E+01
      1.0000E+00
    2
    1  300.00 1000.00  7
     3.2986770E+00
     1.4082404E-03
    -3.9632220E-06
     5.6415150E-09
    -2.4448540E-12
    -1.0208999E+03
     3.9503720E+00
    2 1000.00 5000.00  7
     2.9266400E+00
     1.4879768E-03
    -5.6847600E-07
     1.0097038E-10
    -6.7533510E-15
    -9.2279770E+02
     5.9805280E+00
     END
    O
      1.6000E+01
      7.0000E-01
    2
    1  300.00 1000.00  7
     2.9464280E+00
    -1.6381665E-03
     2.4210310E-06
    -1.6028431E-09
     3.8906960E-13
     2.9147640E+04
     2.9639950E+00
    2 1000.00 5000.00  7
     2.5420590E+00
    -2.7550610E-05
    -3.1028030E-09
     4.5510670E-12
    -4.3680510E-16
     2.9230800E+04
     4.9203080E+00
     END
    O2
      3.2000E+01
      1.1100E+00
    2
    1  300.00 1000.00  7
     3.2129360E+00
     1.1274864E-03
    -5.7561500E-07
     1.3138773E-09
    -8.7685540E-13
    -1.0052490E+03
     6.0347370E+00
    2 1000.00 5000.00  7
     3.6975780E+00
     6.1351970E-04
    -1.2588420E-07
     1.7752810E-11
    -1.1364354E-15
    -1.2339301E+03
     3.1891650E+00
     END
    OH
      1.7000E+01
      7.3000E-01
    2
    1  300.00 1000.00  7
     3.6372660E+00
     1.8509100E-04
    -1.6761646E-06
     2.3872020E-09
    -8.4314420E-13
     3.6067810E+03
     1.3588605E+00
    2 1000.00 5000.00  7
     2.8827300E+00
     1.0139743E-03
    -2.2768770E-07
     2.1746830E-11
    -5.1263050E-16
     3.8868880E+03
     5.5957120E+00
     END
 END
