 *****************************
 *                           *
 *  Output file from ppchem  *
 *                           *
 *****************************
 Species list:
   16
    1   CH4       
    2   O2        
    3   CO2       
    4   H2O       
    5   H2        
    6   O         
    7   OH        
    8   H         
    9   HO2       
   10   H2O2      
   11   CO        
   12   CH2O      
   13   HCO       
   14   CH3       
   15   CH3O      
   16   N2        
 Species data:
  1.0000E+05
    1  1.6000E+01
  9.7000E-01
    2
  3.0000E+02  1.0000E+03    7
  7.7874150E-01
  1.7476680E-02
 -2.7834090E-05
  3.0497080E-08
 -1.2239307E-11
 -9.8252290E+03
  1.3722195E+01
  1.0000E+03  5.0000E+03    7
  1.6834780E+00
  1.0237236E-02
 -3.8751280E-06
  6.7855850E-10
 -4.5034230E-14
 -1.0080787E+04
  9.6233950E+00
    2  3.2000E+01
  1.1100E+00
    2
  3.0000E+02  1.0000E+03    7
  3.2129360E+00
  1.1274864E-03
 -5.7561500E-07
  1.3138773E-09
 -8.7685540E-13
 -1.0052490E+03
  6.0347370E+00
  1.0000E+03  5.0000E+03    7
  3.6975780E+00
  6.1351970E-04
 -1.2588420E-07
  1.7752810E-11
 -1.1364354E-15
 -1.2339301E+03
  3.1891650E+00
    3  4.4000E+01
  1.3900E+00
    2
  3.0000E+02  1.0000E+03    7
  2.2757240E+00
  9.9220720E-03
 -1.0409113E-05
  6.8666860E-09
 -2.1172800E-12
 -4.8373140E+04
  1.0188488E+01
  1.0000E+03  5.0000E+03    7
  4.4536230E+00
  3.1401680E-03
 -1.2784105E-06
  2.3939960E-10
 -1.6690333E-14
 -4.8966960E+04
 -9.5539590E-01
    4  1.8000E+01
  8.3000E-01
    2
  3.0000E+02  1.0000E+03    7
  3.3868420E+00
  3.4749820E-03
 -6.3546960E-06
  6.9685810E-09
 -2.5065880E-12
 -3.0208110E+04
  2.5902320E+00
  1.0000E+03  5.0000E+03    7
  2.6721450E+00
  3.0562930E-03
 -8.7302600E-07
  1.2009964E-10
 -6.3916180E-15
 -2.9899210E+04
  6.8628170E+00
    5  2.0000E+00
  3.0000E-01
    2
  3.0000E+02  1.0000E+03    7
  3.2981240E+00
  8.2494410E-04
 -8.1430150E-07
 -9.4754340E-11
  4.1348720E-13
 -1.0125209E+03
 -3.2940940E+00
  1.0000E+03  5.0000E+03    7
  2.9914230E+00
  7.0006440E-04
 -5.6338280E-08
 -9.2315780E-12
  1.5827519E-15
 -8.3503400E+02
 -1.3551101E+00
    6  1.6000E+01
  7.0000E-01
    2
  3.0000E+02  1.0000E+03    7
  2.9464280E+00
 -1.6381665E-03
  2.4210310E-06
 -1.6028431E-09
  3.8906960E-13
  2.9147640E+04
  2.9639950E+00
  1.0000E+03  5.0000E+03    7
  2.5420590E+00
 -2.7550610E-05
 -3.1028030E-09
  4.5510670E-12
 -4.3680510E-16
  2.9230800E+04
  4.9203080E+00
    7  1.7000E+01
  7.3000E-01
    2
  3.0000E+02  1.0000E+03    7
  3.6372660E+00
  1.8509100E-04
 -1.6761646E-06
  2.3872020E-09
 -8.4314420E-13
  3.6067810E+03
  1.3588605E+00
  1.0000E+03  5.0000E+03    7
  2.8827300E+00
  1.0139743E-03
 -2.2768770E-07
  2.1746830E-11
 -5.1263050E-16
  3.8868880E+03
  5.5957120E+00
    8  1.0000E+00
  1.8000E-01
    2
  3.0000E+02  1.0000E+03    7
  2.5000000E+00
  0.0000000E+00
  0.0000000E+00
  0.0000000E+00
  0.0000000E+00
  2.5471620E+04
 -4.6011760E-01
  1.0000E+03  5.0000E+03    7
  2.5000000E+00
  0.0000000E+00
  0.0000000E+00
  0.0000000E+00
  0.0000000E+00
  2.5471620E+04
 -4.6011760E-01
    9  3.3000E+01
  1.1000E+00
    2
  3.0000E+02  1.0000E+03    7
  2.9799630E+00
  4.9966970E-03
 -3.7909970E-06
  2.3541920E-09
 -8.0890240E-13
  1.7622730E+02
  9.2227240E+00
  1.0000E+03  5.0000E+03    7
  4.0721910E+00
  2.1312960E-03
 -5.3081450E-07
  6.1122690E-11
 -2.8411640E-15
 -1.5797270E+02
  3.4760290E+00
   10  3.4000E+01
  1.1200E+00
    2
  3.0000E+02  1.0000E+03    7
  3.3887530E+00
  6.5692260E-03
 -1.4850125E-07
 -4.6258050E-09
  2.4715140E-12
 -1.7663140E+04
  6.7853630E+00
  1.0000E+03  5.0000E+03    7
  4.5731670E+00
  4.3361360E-03
 -1.4746888E-06
  2.3489030E-10
 -1.4316536E-14
 -1.8006960E+04
  5.0113690E-01
   11  2.8000E+01
  1.1000E+00
    2
  3.0000E+02  1.0000E+03    7
  3.2624510E+00
  1.5119409E-03
 -3.8817550E-06
  5.5819440E-09
 -2.4749510E-12
 -1.4310539E+04
  4.8488970E+00
  1.0000E+03  5.0000E+03    7
  3.0250780E+00
  1.4426885E-03
 -5.6308270E-07
  1.0185813E-10
 -6.9109510E-15
 -1.4268350E+04
  6.1082170E+00
   12  3.0000E+01
  1.2800E+00
    2
  3.0000E+02  1.0000E+03    7
  1.6527311E+00
  1.2631439E-02
 -1.8881680E-05
  2.0500310E-08
 -8.4132370E-12
 -1.4865404E+04
  1.3784820E+01
  1.0000E+03  5.0000E+03    7
  2.9956060E+00
  6.6813210E-03
 -2.6289540E-06
  4.7371530E-10
 -3.2125170E-14
 -1.5320369E+04
  6.9125720E+00
   13  2.9000E+01
  1.2700E+00
    2
  3.0000E+02  1.0000E+03    7
  2.8983290E+00
  6.1991460E-03
 -9.6230840E-06
  1.0898249E-08
 -4.5748850E-12
  4.1599220E+03
  8.9836140E+00
  1.0000E+03  5.0000E+03    7
  3.5572710E+00
  3.3455720E-03
 -1.3350060E-06
  2.4705720E-10
 -1.7138500E-14
  3.9163240E+03
  5.5522990E+00
   14  1.5000E+01
  1.0000E+00
    2
  3.0000E+02  1.0000E+03    7
  2.4304420E+00
  1.1124099E-02
 -1.6802200E-05
  1.6218288E-08
 -5.8649520E-12
  1.6423781E+04
  6.7897940E+00
  1.0000E+03  5.0000E+03    7
  2.8440510E+00
  6.1379740E-03
 -2.2303450E-06
  3.7851610E-10
 -2.4521590E-14
  1.6437809E+04
  5.4526970E+00
   15  3.1000E+01
  1.3000E+00
    2
  3.0000E+02  1.0000E+03    7
  2.1062040E+00
  7.2165950E-03
  5.3384720E-06
 -7.3776360E-09
  2.0756100E-12
  9.7860110E+02
  1.3152177E+01
  1.0000E+03  3.0000E+03    7
  3.7707990E+00
  7.8714970E-03
 -2.6563840E-06
  3.9444310E-10
 -2.1126160E-14
  1.2783252E+02
  2.9295750E+00
   16  2.8000E+01
  1.0000E+00
    2
  3.0000E+02  1.0000E+03    7
  3.2986770E+00
  1.4082404E-03
 -3.9632220E-06
  5.6415150E-09
 -2.4448540E-12
 -1.0208999E+03
  3.9503720E+00
  1.0000E+03  5.0000E+03    7
  2.9266400E+00
  1.4879768E-03
 -5.6847600E-07
  1.0097038E-10
 -6.7533510E-15
 -9.2279770E+02
  5.9805280E+00
 Step rate data:
   35
    1  2.0000E+11  0.0000E+00  7.0338E+07
    2  1.8000E+07  1.0000E+00  3.6953E+07
    3  1.1700E+06  1.3000E+00  1.5181E+07
    4  6.0000E+05  1.3000E+00  0.0000E+00
    5  2.3000E+12 -8.0000E-01  0.0000E+00
    6  1.5000E+11  0.0000E+00  4.2035E+06
    7  2.5000E+10  0.0000E+00  2.9308E+06
    8  2.0000E+10  0.0000E+00  4.1868E+06
    9  1.5100E+04  1.3000E+00 -3.1736E+06
   10  6.3000E+14  0.0000E+00  4.3543E+08
   11  2.2000E+01  3.0000E+00  3.6634E+07
   12  1.6000E+03  2.1000E+00  1.0300E+07
   13  6.8000E+10  0.0000E+00  0.0000E+00
   14  2.5000E+10  0.0000E+00  1.6710E+07
   15  3.0000E+10  0.0000E+00  5.0032E+06
   16  4.0000E+10  0.0000E+00  0.0000E+00
   17  1.6000E+11  0.0000E+00  6.1546E+07
   18  7.0000E+09  0.0000E+00  1.0740E+08
   19  2.0000E+10  0.0000E+00  0.0000E+00
   20  2.4000E+10  0.0000E+00  1.2063E+08
   21  2.0000E+09  0.0000E+00  0.0000E+00
   22  1.3000E+14  0.0000E+00  1.9050E+08
   23  1.0000E+10  0.0000E+00  7.5362E+06
   24  2.2000E+16 -2.0000E+00  0.0000E+00
   25  1.8000E+12 -1.0000E+00  0.0000E+00
   26  1.5750E+10  0.0000E+00  2.8889E+06
   27  8.0000E+06  1.0000E+00  2.8303E+07
   28  5.0900E+06  1.3000E+00  7.7824E+07
   29  5.9000E+06  1.3000E+00  7.1297E+07
   30  1.5700E+06  1.3000E+00  9.3521E+07
   31  5.2000E+09  0.0000E+00 -5.4847E+06
   32  9.5700E-01  3.0000E+00  3.6634E+07
   33  3.0200E+02  2.1000E+00  7.2942E+07
   34  9.8600E+08  0.0000E+00 -2.1227E+07
   35  2.8600E+10  0.0000E+00  1.3729E+08
 Step species-list:
    1    4
    1    1       2
    1    2       6
    1    3       7
    1    4       8
    2    4
    2    1       5
    2    2       6
    2    3       7
    2    4       8
    3    4
    3    1       4
    3    2       5
    3    3       7
    3    4       8
    4    3
    4    1       4
    4    2       6
    4    3       7
    5    3
    5    1       2
    5    2       8
    5    3       9
    6    3
    6    1       7
    6    2       8
    6    3       9
    7    4
    7    1       2
    7    2       5
    7    3       8
    7    4       9
    8    4
    8    1       2
    8    2       4
    8    3       7
    8    4       9
    9    4
    9    1       3
    9    2       7
    9    3       8
    9    4      11
   10    3
   10    1       1
   10    2       8
   10    3      14
   11    4
   11    1       1
   11    2       5
   11    3       8
   11    4      14
   12    4
   12    1       1
   12    2       4
   12    3       7
   12    4      14
   13    4
   13    1       6
   13    2       8
   13    3      12
   13    4      14
   14    4
   14    1       5
   14    2       8
   14    3      12
   14    4      13
   15    4
   15    1       4
   15    2       7
   15    3      12
   15    4      13
   16    4
   16    1       5
   16    2       8
   16    3      11
   16    4      13
   17    3
   17    1       8
   17    2      11
   17    3      13
   18    4
   18    1       2
   18    2       6
   18    3      14
   18    4      15
   19    4
   19    1       5
   19    2       8
   19    3      12
   19    4      15
   20    3
   20    1       8
   20    2      12
   20    3      15
   21    3
   21    1       2
   21    2       9
   21    3      10
   22    2
   22    1       7
   22    2      10
   23    4
   23    1       4
   23    2       7
   23    3       9
   23    4      10
   24    3
   24    1       4
   24    2       7
   24    3       8
   25    2
   25    1       5
   25    2       8
   26    4
   26    1       2
   26    2       6
   26    3       7
   26    4       8
   27    4
   27    1       5
   27    2       6
   27    3       7
   27    4       8
   28    4
   28    1       4
   28    2       5
   28    3       7
   28    4       8
   29    3
   29    1       4
   29    2       6
   29    3       7
   30    4
   30    1       3
   30    2       7
   30    3       8
   30    4      11
   31    3
   31    1       1
   31    2       8
   31    3      14
   32    4
   32    1       1
   32    2       5
   32    3       8
   32    4      14
   33    4
   33    1       1
   33    2       4
   33    3       7
   33    4      14
   34    2
   34    1       7
   34    2      10
   35    4
   35    1       4
   35    2       7
   35    3       9
   35    4      10
 Step reactant-list:
    1    2
    1    1       2
    1    2       8
    2    2
    2    1       5
    2    2       6
    3    2
    3    1       5
    3    2       7
    4    2
    4    1       7
    4    2       7
    5    2
    5    1       2
    5    2       8
    6    2
    6    1       8
    6    2       9
    7    2
    7    1       8
    7    2       9
    8    2
    8    1       7
    8    2       9
    9    2
    9    1       7
    9    2      11
   10    1
   10    1       1
   11    2
   11    1       1
   11    2       8
   12    2
   12    1       1
   12    2       7
   13    2
   13    1       6
   13    2      14
   14    2
   14    1       8
   14    2      12
   15    2
   15    1       7
   15    2      12
   16    2
   16    1       8
   16    2      13
   17    1
   17    1      13
   18    2
   18    1       2
   18    2      14
   19    2
   19    1       8
   19    2      15
   20    1
   20    1      15
   21    2
   21    1       9
   21    2       9
   22    1
   22    1      10
   23    2
   23    1       7
   23    2      10
   24    2
   24    1       7
   24    2       8
   25    2
   25    1       8
   25    2       8
   26    2
   26    1       6
   26    2       7
   27    2
   27    1       7
   27    2       8
   28    2
   28    1       4
   28    2       8
   29    2
   29    1       4
   29    2       6
   30    2
   30    1       3
   30    2       8
   31    2
   31    1       8
   31    2      14
   32    2
   32    1       5
   32    2      14
   33    2
   33    1       4
   33    2      14
   34    2
   34    1       7
   34    2       7
   35    2
   35    1       4
   35    2       9
 Step product-list:
    1    2
    1    1       6
    1    2       7
    2    2
    2    1       7
    2    2       8
    3    2
    3    1       4
    3    2       8
    4    2
    4    1       4
    4    2       6
    5    1
    5    1       9
    6    2
    6    1       7
    6    2       7
    7    2
    7    1       2
    7    2       5
    8    2
    8    1       2
    8    2       4
    9    2
    9    1       3
    9    2       8
   10    2
   10    1       8
   10    2      14
   11    2
   11    1       5
   11    2      14
   12    2
   12    1       4
   12    2      14
   13    2
   13    1       8
   13    2      12
   14    2
   14    1       5
   14    2      13
   15    2
   15    1       4
   15    2      13
   16    2
   16    1       5
   16    2      11
   17    2
   17    1       8
   17    2      11
   18    2
   18    1       6
   18    2      15
   19    2
   19    1       5
   19    2      12
   20    2
   20    1       8
   20    2      12
   21    2
   21    1       2
   21    2      10
   22    2
   22    1       7
   22    2       7
   23    2
   23    1       4
   23    2       9
   24    1
   24    1       4
   25    1
   25    1       5
   26    2
   26    1       2
   26    2       8
   27    2
   27    1       5
   27    2       6
   28    2
   28    1       5
   28    2       7
   29    2
   29    1       7
   29    2       7
   30    2
   30    1       7
   30    2      11
   31    1
   31    1       1
   32    2
   32    1       1
   32    2       8
   33    2
   33    1       1
   33    2       7
   34    1
   34    1      10
   35    2
   35    1       7
   35    2      10
 Step reactant coefficient-list:
    1    0
    2    0
    3    0
    4    0
    5    0
    6    0
    7    0
    8    0
    9    0
   10    0
   11    0
   12    0
   13    0
   14    0
   15    0
   16    0
   17    0
   18    0
   19    0
   20    0
   21    0
   22    0
   23    0
   24    0
   25    0
   26    0
   27    0
   28    0
   29    0
   30    0
   31    0
   32    0
   33    0
   34    0
   35    0
 Step product coefficient-list:
    1    0
    2    0
    3    0
    4    0
    5    0
    6    0
    7    0
    8    0
    9    0
   10    0
   11    0
   12    0
   13    0
   14    0
   15    0
   16    0
   17    0
   18    0
   19    0
   20    0
   21    0
   22    0
   23    0
   24    0
   25    0
   26    0
   27    0
   28    0
   29    0
   30    0
   31    0
   32    0
   33    0
   34    0
   35    0
 Species delta-list:
    1    1 -1.0
    1    2  1.0
    1    3  1.0
    1    4 -1.0
    2    1 -1.0
    2    2 -1.0
    2    3  1.0
    2    4  1.0
    3    1  1.0
    3    2 -1.0
    3    3 -1.0
    3    4  1.0
    4    1  1.0
    4    2  1.0
    4    3 -2.0
    5    1 -1.0
    5    2 -1.0
    5    3  1.0
    6    1  2.0
    6    2 -1.0
    6    3 -1.0
    7    1  1.0
    7    2  1.0
    7    3 -1.0
    7    4 -1.0
    8    1  1.0
    8    2  1.0
    8    3 -1.0
    8    4 -1.0
    9    1  1.0
    9    2 -1.0
    9    3  1.0
    9    4 -1.0
   10    1 -1.0
   10    2  1.0
   10    3  1.0
   11    1 -1.0
   11    2  1.0
   11    3 -1.0
   11    4  1.0
   12    1 -1.0
   12    2  1.0
   12    3 -1.0
   12    4  1.0
   13    1 -1.0
   13    2  1.0
   13    3  1.0
   13    4 -1.0
   14    1  1.0
   14    2 -1.0
   14    3 -1.0
   14    4  1.0
   15    1  1.0
   15    2 -1.0
   15    3 -1.0
   15    4  1.0
   16    1  1.0
   16    2 -1.0
   16    3  1.0
   16    4 -1.0
   17    1  1.0
   17    2  1.0
   17    3 -1.0
   18    1 -1.0
   18    2  1.0
   18    3 -1.0
   18    4  1.0
   19    1  1.0
   19    2 -1.0
   19    3  1.0
   19    4 -1.0
   20    1  1.0
   20    2  1.0
   20    3 -1.0
   21    1  1.0
   21    2 -2.0
   21    3  1.0
   22    1  2.0
   22    2 -1.0
   23    1  1.0
   23    2 -1.0
   23    3  1.0
   23    4 -1.0
   24    1  1.0
   24    2 -1.0
   24    3 -1.0
   25    1  1.0
   25    2 -2.0
   26    1  1.0
   26    2 -1.0
   26    3 -1.0
   26    4  1.0
   27    1  1.0
   27    2  1.0
   27    3 -1.0
   27    4 -1.0
   28    1 -1.0
   28    2  1.0
   28    3  1.0
   28    4 -1.0
   29    1 -1.0
   29    2 -1.0
   29    3  2.0
   30    1 -1.0
   30    2  1.0
   30    3 -1.0
   30    4  1.0
   31    1  1.0
   31    2 -1.0
   31    3 -1.0
   32    1  1.0
   32    2 -1.0
   32    3  1.0
   32    4 -1.0
   33    1  1.0
   33    2 -1.0
   33    3  1.0
   33    4 -1.0
   34    1 -2.0
   34    2  1.0
   35    1 -1.0
   35    2  1.0
   35    3 -1.0
   35    4  1.0
 Third-body list:
    2
    1   M1        
    2   M2        
 Third-body step-list:
    1       0
    2       0
    3       0
    4       0
    5       2
    6       0
    7       0
    8       0
    9       0
   10       1
   11       0
   12       0
   13       0
   14       0
   15       0
   16       0
   17       1
   18       0
   19       0
   20       1
   21       0
   22       1
   23       0
   24       2
   25       2
   26       0
   27       0
   28       0
   29       0
   30       0
   31       1
   32       0
   33       0
   34       1
   35       0
 Third-body efficiencies:
    1    1  1.0000E+00
    1    2  1.0000E+00
    1    3  1.0000E+00
    1    4  1.0000E+00
    1    5  1.0000E+00
    1    6  1.0000E+00
    1    7  1.0000E+00
    1    8  1.0000E+00
    1    9  1.0000E+00
    1   10  1.0000E+00
    1   11  1.0000E+00
    1   12  1.0000E+00
    1   13  1.0000E+00
    1   14  1.0000E+00
    1   15  1.0000E+00
    1   16  1.0000E+00
    2    1  6.5000E+00
    2    2  4.0000E-01
    2    3  1.5000E+00
    2    4  6.5000E+00
    2    5  1.0000E+00
    2    6  1.0000E+00
    2    7  1.0000E+00
    2    8  1.0000E+00
    2    9  1.0000E+00
    2   10  1.0000E+00
    2   11  7.5000E-01
    2   12  1.0000E+00
    2   13  1.0000E+00
    2   14  1.0000E+00
    2   15  1.0000E+00
    2   16  4.0000E-01
 Gibbs step-list:
    0
 Lindemann step-list:
    2
    1       0
    2       0
    3       0
    4       0
    5       0
    6       0
    7       0
    8       0
    9       0
   10       1
   11       0
   12       0
   13       0
   14       0
   15       0
   16       0
   17       0
   18       0
   19       0
   20       0
   21       0
   22       0
   23       0
   24       0
   25       0
   26       0
   27       0
   28       0
   29       0
   30       0
   31       2
   32       0
   33       0
   34       0
   35       0
 Lindemann step rate data:
    1  1.0000E+14  0.0000E+00  3.6006E+08  1.0000E+00
    2  8.2500E+08  0.0000E+00 -8.0847E+07  1.0000E+00
 Troe step-list:
    0
 Troe step rate data:
 SRI step-list:
    0
 SRI step rate data:
 End of file
