 *****************************
 *                           *
 *  Output file from ppchem  *
 *                           *
 *****************************
 Species list:
    9
    1   H2        
    2   O2        
    3   H2O       
    4   O         
    5   OH        
    6   H         
    7   HO2       
    8   H2O2      
    9   N2        
 Species data:
  1.0000E+05
    1  2.0000E+00
  3.0000E-01
    2
  3.0000E+02  1.0000E+03    7
  3.2981240E+00
  8.2494410E-04
 -8.1430150E-07
 -9.4754340E-11
  4.1348720E-13
 -1.0125209E+03
 -3.2940940E+00
  1.0000E+03  5.0000E+03    7
  2.9914230E+00
  7.0006440E-04
 -5.6338280E-08
 -9.2315780E-12
  1.5827519E-15
 -8.3503400E+02
 -1.3551101E+00
    2  3.2000E+01
  1.1100E+00
    2
  3.0000E+02  1.0000E+03    7
  3.2129360E+00
  1.1274864E-03
 -5.7561500E-07
  1.3138773E-09
 -8.7685540E-13
 -1.0052490E+03
  6.0347370E+00
  1.0000E+03  5.0000E+03    7
  3.6975780E+00
  6.1351970E-04
 -1.2588420E-07
  1.7752810E-11
 -1.1364354E-15
 -1.2339301E+03
  3.1891650E+00
    3  1.8000E+01
  8.3000E-01
    2
  3.0000E+02  1.0000E+03    7
  3.3868420E+00
  3.4749820E-03
 -6.3546960E-06
  6.9685810E-09
 -2.5065880E-12
 -3.0208110E+04
  2.5902320E+00
  1.0000E+03  5.0000E+03    7
  2.6721450E+00
  3.0562930E-03
 -8.7302600E-07
  1.2009964E-10
 -6.3916180E-15
 -2.9899210E+04
  6.8628170E+00
    4  1.6000E+01
  7.0000E-01
    2
  3.0000E+02  1.0000E+03    7
  2.9464280E+00
 -1.6381665E-03
  2.4210310E-06
 -1.6028431E-09
  3.8906960E-13
  2.9147640E+04
  2.9639950E+00
  1.0000E+03  5.0000E+03    7
  2.5420590E+00
 -2.7550610E-05
 -3.1028030E-09
  4.5510670E-12
 -4.3680510E-16
  2.9230800E+04
  4.9203080E+00
    5  1.7000E+01
  7.3000E-01
    2
  3.0000E+02  1.0000E+03    7
  3.6372660E+00
  1.8509100E-04
 -1.6761646E-06
  2.3872020E-09
 -8.4314420E-13
  3.6067810E+03
  1.3588605E+00
  1.0000E+03  5.0000E+03    7
  2.8827300E+00
  1.0139743E-03
 -2.2768770E-07
  2.1746830E-11
 -5.1263050E-16
  3.8868880E+03
  5.5957120E+00
    6  1.0000E+00
  1.8000E-01
    2
  3.0000E+02  1.0000E+03    7
  2.5000000E+00
  0.0000000E+00
  0.0000000E+00
  0.0000000E+00
  0.0000000E+00
  2.5471620E+04
 -4.6011760E-01
  1.0000E+03  5.0000E+03    7
  2.5000000E+00
  0.0000000E+00
  0.0000000E+00
  0.0000000E+00
  0.0000000E+00
  2.5471620E+04
 -4.6011760E-01
    7  3.3000E+01
  1.1000E+00
    2
  3.0000E+02  1.0000E+03    7
  2.9799630E+00
  4.9966970E-03
 -3.7909970E-06
  2.3541920E-09
 -8.0890240E-13
  1.7622730E+02
  9.2227240E+00
  1.0000E+03  5.0000E+03    7
  4.0721910E+00
  2.1312960E-03
 -5.3081450E-07
  6.1122690E-11
 -2.8411640E-15
 -1.5797270E+02
  3.4760290E+00
    8  3.4000E+01
  1.1200E+00
    2
  3.0000E+02  1.0000E+03    7
  3.3887530E+00
  6.5692260E-03
 -1.4850125E-07
 -4.6258050E-09
  2.4715140E-12
 -1.7663140E+04
  6.7853630E+00
  1.0000E+03  5.0000E+03    7
  4.5731670E+00
  4.3361360E-03
 -1.4746888E-06
  2.3489030E-10
 -1.4316536E-14
 -1.8006960E+04
  5.0113690E-01
    9  2.8000E+01
  1.0000E+00
    2
  3.0000E+02  1.0000E+03    7
  3.2986770E+00
  1.4082404E-03
 -3.9632220E-06
  5.6415150E-09
 -2.4448540E-12
 -1.0208999E+03
  3.9503720E+00
  1.0000E+03  5.0000E+03    7
  2.9266400E+00
  1.4879768E-03
 -5.6847600E-07
  1.0097038E-10
 -6.7533510E-15
 -9.2279770E+02
  5.9805280E+00
 Step rate data:
   21
    1  3.5500E+12 -4.1000E-01  6.9501E+07
    2  5.0800E+01  2.6700E+00  2.6335E+07
    3  2.1600E+05  1.5100E+00  1.4361E+07
    4  2.9700E+03  2.0200E+00  5.6103E+07
    5  4.5800E+16 -1.4000E+00  4.3702E+08
    6  6.1600E+09 -5.0000E-01  0.0000E+00
    7  4.7100E+12 -1.0000E+00  0.0000E+00
    8  3.8000E+16 -2.0000E+00  0.0000E+00
    9  1.4800E+09  6.0000E-01  0.0000E+00
   10  1.6600E+10  0.0000E+00  3.4365E+06
   11  7.0800E+10  0.0000E+00  1.2560E+06
   12  3.2500E+10  0.0000E+00  0.0000E+00
   13  2.8900E+10  0.0000E+00 -2.0934E+06
   14  4.2000E+11  0.0000E+00  5.0158E+07
   15  2.9500E+14  0.0000E+00  2.0264E+08
   16  2.4100E+10  0.0000E+00  1.6622E+07
   17  4.8200E+10  0.0000E+00  3.3285E+07
   18  9.5500E+03  2.0000E+00  1.6622E+07
   19  1.0000E+09  0.0000E+00  0.0000E+00
   20  1.3000E+08  0.0000E+00 -6.8245E+06
   21  5.8000E+11  0.0000E+00  4.0026E+07
 Step species-list:
    1    4
    1    1       2
    1    2       4
    1    3       5
    1    4       6
    2    4
    2    1       1
    2    2       4
    2    3       5
    2    4       6
    3    4
    3    1       1
    3    2       3
    3    3       5
    3    4       6
    4    3
    4    1       3
    4    2       4
    4    3       5
    5    2
    5    1       1
    5    2       6
    6    2
    6    1       2
    6    2       4
    7    3
    7    1       4
    7    2       5
    7    3       6
    8    3
    8    1       3
    8    2       5
    8    3       6
    9    3
    9    1       2
    9    2       6
    9    3       7
   10    4
   10    1       1
   10    2       2
   10    3       6
   10    4       7
   11    3
   11    1       5
   11    2       6
   11    3       7
   12    4
   12    1       2
   12    2       4
   12    3       5
   12    4       7
   13    4
   13    1       2
   13    2       3
   13    3       5
   13    4       7
   14    3
   14    1       2
   14    2       7
   14    3       8
   15    2
   15    1       5
   15    2       8
   16    4
   16    1       3
   16    2       5
   16    3       6
   16    4       8
   17    4
   17    1       1
   17    2       6
   17    3       7
   17    4       8
   18    4
   18    1       4
   18    2       5
   18    3       7
   18    4       8
   19    4
   19    1       3
   19    2       5
   19    3       7
   19    4       8
   20    3
   20    1       2
   20    2       7
   20    3       8
   21    4
   21    1       3
   21    2       5
   21    3       7
   21    4       8
 Step reactant-list:
    1    2
    1    1       2
    1    2       6
    2    2
    2    1       1
    2    2       4
    3    2
    3    1       1
    3    2       5
    4    2
    4    1       3
    4    2       4
    5    1
    5    1       1
    6    2
    6    1       4
    6    2       4
    7    2
    7    1       4
    7    2       6
    8    2
    8    1       5
    8    2       6
    9    2
    9    1       2
    9    2       6
   10    2
   10    1       6
   10    2       7
   11    2
   11    1       6
   11    2       7
   12    2
   12    1       4
   12    2       7
   13    2
   13    1       5
   13    2       7
   14    2
   14    1       7
   14    2       7
   15    1
   15    1       8
   16    2
   16    1       6
   16    2       8
   17    2
   17    1       6
   17    2       8
   18    2
   18    1       4
   18    2       8
   19    2
   19    1       5
   19    2       8
   20    2
   20    1       7
   20    2       7
   21    2
   21    1       5
   21    2       8
 Step product-list:
    1    2
    1    1       4
    1    2       5
    2    2
    2    1       5
    2    2       6
    3    2
    3    1       3
    3    2       6
    4    2
    4    1       5
    4    2       5
    5    2
    5    1       6
    5    2       6
    6    1
    6    1       2
    7    1
    7    1       5
    8    1
    8    1       3
    9    1
    9    1       7
   10    2
   10    1       1
   10    2       2
   11    2
   11    1       5
   11    2       5
   12    2
   12    1       2
   12    2       5
   13    2
   13    1       2
   13    2       3
   14    2
   14    1       2
   14    2       8
   15    2
   15    1       5
   15    2       5
   16    2
   16    1       3
   16    2       5
   17    2
   17    1       1
   17    2       7
   18    2
   18    1       5
   18    2       7
   19    2
   19    1       3
   19    2       7
   20    2
   20    1       2
   20    2       8
   21    2
   21    1       3
   21    2       7
 Step reactant coefficient-list:
    1    0
    2    0
    3    0
    4    0
    5    0
    6    0
    7    0
    8    0
    9    0
   10    0
   11    0
   12    0
   13    0
   14    0
   15    0
   16    0
   17    0
   18    0
   19    0
   20    0
   21    0
 Step product coefficient-list:
    1    0
    2    0
    3    0
    4    0
    5    0
    6    0
    7    0
    8    0
    9    0
   10    0
   11    0
   12    0
   13    0
   14    0
   15    0
   16    0
   17    0
   18    0
   19    0
   20    0
   21    0
 Species delta-list:
    1    1 -1.0
    1    2  1.0
    1    3  1.0
    1    4 -1.0
    2    1 -1.0
    2    2 -1.0
    2    3  1.0
    2    4  1.0
    3    1 -1.0
    3    2  1.0
    3    3 -1.0
    3    4  1.0
    4    1 -1.0
    4    2 -1.0
    4    3  2.0
    5    1 -1.0
    5    2  2.0
    6    1  1.0
    6    2 -2.0
    7    1 -1.0
    7    2  1.0
    7    3 -1.0
    8    1  1.0
    8    2 -1.0
    8    3 -1.0
    9    1 -1.0
    9    2 -1.0
    9    3  1.0
   10    1  1.0
   10    2  1.0
   10    3 -1.0
   10    4 -1.0
   11    1  2.0
   11    2 -1.0
   11    3 -1.0
   12    1  1.0
   12    2 -1.0
   12    3  1.0
   12    4 -1.0
   13    1  1.0
   13    2  1.0
   13    3 -1.0
   13    4 -1.0
   14    1  1.0
   14    2 -2.0
   14    3  1.0
   15    1  2.0
   15    2 -1.0
   16    1  1.0
   16    2  1.0
   16    3 -1.0
   16    4 -1.0
   17    1  1.0
   17    2 -1.0
   17    3  1.0
   17    4 -1.0
   18    1 -1.0
   18    2  1.0
   18    3  1.0
   18    4 -1.0
   19    1  1.0
   19    2 -1.0
   19    3  1.0
   19    4 -1.0
   20    1  1.0
   20    2 -2.0
   20    3  1.0
   21    1  1.0
   21    2 -1.0
   21    3  1.0
   21    4 -1.0
 Third-body list:
    2
    1   M1        
    2   M2        
 Third-body step-list:
    1       0
    2       0
    3       0
    4       0
    5       1
    6       1
    7       1
    8       1
    9       2
   10       0
   11       0
   12       0
   13       0
   14       0
   15       1
   16       0
   17       0
   18       0
   19       0
   20       0
   21       0
 Third-body efficiencies:
    1    1  2.5000E+00
    1    2  1.0000E+00
    1    3  1.2000E+01
    1    4  1.0000E+00
    1    5  1.0000E+00
    1    6  1.0000E+00
    1    7  1.0000E+00
    1    8  1.0000E+00
    1    9  1.0000E+00
    2    1  2.0000E+00
    2    2  7.8000E-01
    2    3  1.1000E+01
    2    4  1.0000E+00
    2    5  1.0000E+00
    2    6  1.0000E+00
    2    7  1.0000E+00
    2    8  1.0000E+00
    2    9  1.0000E+00
 Gibbs step-list:
   21
    1       1
    2       2
    3       3
    4       4
    5       5
    6       6
    7       7
    8       8
    9       9
   10      10
   11      11
   12      12
   13      13
   14      14
   15      15
   16      16
   17      17
   18      18
   19      19
   20      20
   21      21
 Lindemann step-list:
    2
    1       0
    2       0
    3       0
    4       0
    5       0
    6       0
    7       0
    8       0
    9       1
   10       0
   11       0
   12       0
   13       0
   14       0
   15       2
   16       0
   17       0
   18       0
   19       0
   20       0
   21       0
 Lindemann step rate data:
    1  6.3700E+14 -1.7200E+00  2.1771E+06  8.0000E-01
    2  1.2000E+14  0.0000E+00  1.9050E+08  5.0000E-01
 Troe step-list:
    0
 Troe step rate data:
 SRI step-list:
    0
 SRI step rate data:
 End of file
