 *****************************
 *                           *
 *  Output file from ppchem  *
 *                           *
 *****************************
 Species list:
   18
    1   CH4       
    2   O2        
    3   CO2       
    4   H2O       
    5   H2        
    6   O         
    7   OH        
    8   H         
    9   HO2       
   10   H2O2      
   11   CO        
   12   CH2O      
   13   HCO       
   14   CH2OH     
   15   CH3OH     
   16   CH3       
   17   CH3O      
   18   N2        
 Species data:
  1.0000E+05
    1  1.6000E+01
  9.7000E-01
    2
  3.0000E+02  1.0000E+03    7
  7.7874150E-01
  1.7476680E-02
 -2.7834090E-05
  3.0497080E-08
 -1.2239307E-11
 -9.8252290E+03
  1.3722195E+01
  1.0000E+03  5.0000E+03    7
  1.6834780E+00
  1.0237236E-02
 -3.8751280E-06
  6.7855850E-10
 -4.5034230E-14
 -1.0080787E+04
  9.6233950E+00
    2  3.2000E+01
  1.1100E+00
    2
  3.0000E+02  1.0000E+03    7
  3.2129360E+00
  1.1274864E-03
 -5.7561500E-07
  1.3138773E-09
 -8.7685540E-13
 -1.0052490E+03
  6.0347370E+00
  1.0000E+03  5.0000E+03    7
  3.6975780E+00
  6.1351970E-04
 -1.2588420E-07
  1.7752810E-11
 -1.1364354E-15
 -1.2339301E+03
  3.1891650E+00
    3  4.4000E+01
  1.3900E+00
    2
  3.0000E+02  1.0000E+03    7
  2.2757240E+00
  9.9220720E-03
 -1.0409113E-05
  6.8666860E-09
 -2.1172800E-12
 -4.8373140E+04
  1.0188488E+01
  1.0000E+03  5.0000E+03    7
  4.4536230E+00
  3.1401680E-03
 -1.2784105E-06
  2.3939960E-10
 -1.6690333E-14
 -4.8966960E+04
 -9.5539590E-01
    4  1.8000E+01
  8.3000E-01
    2
  3.0000E+02  1.0000E+03    7
  3.3868420E+00
  3.4749820E-03
 -6.3546960E-06
  6.9685810E-09
 -2.5065880E-12
 -3.0208110E+04
  2.5902320E+00
  1.0000E+03  5.0000E+03    7
  2.6721450E+00
  3.0562930E-03
 -8.7302600E-07
  1.2009964E-10
 -6.3916180E-15
 -2.9899210E+04
  6.8628170E+00
    5  2.0000E+00
  3.0000E-01
    2
  3.0000E+02  1.0000E+03    7
  3.2981240E+00
  8.2494410E-04
 -8.1430150E-07
 -9.4754340E-11
  4.1348720E-13
 -1.0125209E+03
 -3.2940940E+00
  1.0000E+03  5.0000E+03    7
  2.9914230E+00
  7.0006440E-04
 -5.6338280E-08
 -9.2315780E-12
  1.5827519E-15
 -8.3503400E+02
 -1.3551101E+00
    6  1.6000E+01
  7.0000E-01
    2
  3.0000E+02  1.0000E+03    7
  2.9464280E+00
 -1.6381665E-03
  2.4210310E-06
 -1.6028431E-09
  3.8906960E-13
  2.9147640E+04
  2.9639950E+00
  1.0000E+03  5.0000E+03    7
  2.5420590E+00
 -2.7550610E-05
 -3.1028030E-09
  4.5510670E-12
 -4.3680510E-16
  2.9230800E+04
  4.9203080E+00
    7  1.7000E+01
  7.3000E-01
    2
  3.0000E+02  1.0000E+03    7
  3.6372660E+00
  1.8509100E-04
 -1.6761646E-06
  2.3872020E-09
 -8.4314420E-13
  3.6067810E+03
  1.3588605E+00
  1.0000E+03  5.0000E+03    7
  2.8827300E+00
  1.0139743E-03
 -2.2768770E-07
  2.1746830E-11
 -5.1263050E-16
  3.8868880E+03
  5.5957120E+00
    8  1.0000E+00
  1.8000E-01
    2
  3.0000E+02  1.0000E+03    7
  2.5000000E+00
  0.0000000E+00
  0.0000000E+00
  0.0000000E+00
  0.0000000E+00
  2.5471620E+04
 -4.6011760E-01
  1.0000E+03  5.0000E+03    7
  2.5000000E+00
  0.0000000E+00
  0.0000000E+00
  0.0000000E+00
  0.0000000E+00
  2.5471620E+04
 -4.6011760E-01
    9  3.3000E+01
  1.1000E+00
    2
  3.0000E+02  1.0000E+03    7
  2.9799630E+00
  4.9966970E-03
 -3.7909970E-06
  2.3541920E-09
 -8.0890240E-13
  1.7622730E+02
  9.2227240E+00
  1.0000E+03  5.0000E+03    7
  4.0721910E+00
  2.1312960E-03
 -5.3081450E-07
  6.1122690E-11
 -2.8411640E-15
 -1.5797270E+02
  3.4760290E+00
   10  3.4000E+01
  1.1200E+00
    2
  3.0000E+02  1.0000E+03    7
  3.3887530E+00
  6.5692260E-03
 -1.4850125E-07
 -4.6258050E-09
  2.4715140E-12
 -1.7663140E+04
  6.7853630E+00
  1.0000E+03  5.0000E+03    7
  4.5731670E+00
  4.3361360E-03
 -1.4746888E-06
  2.3489030E-10
 -1.4316536E-14
 -1.8006960E+04
  5.0113690E-01
   11  2.8000E+01
  1.1000E+00
    2
  3.0000E+02  1.0000E+03    7
  3.2624510E+00
  1.5119409E-03
 -3.8817550E-06
  5.5819440E-09
 -2.4749510E-12
 -1.4310539E+04
  4.8488970E+00
  1.0000E+03  5.0000E+03    7
  3.0250780E+00
  1.4426885E-03
 -5.6308270E-07
  1.0185813E-10
 -6.9109510E-15
 -1.4268350E+04
  6.1082170E+00
   12  3.0000E+01
  1.2800E+00
    2
  3.0000E+02  1.0000E+03    7
  1.6527311E+00
  1.2631439E-02
 -1.8881680E-05
  2.0500310E-08
 -8.4132370E-12
 -1.4865404E+04
  1.3784820E+01
  1.0000E+03  5.0000E+03    7
  2.9956060E+00
  6.6813210E-03
 -2.6289540E-06
  4.7371530E-10
 -3.2125170E-14
 -1.5320369E+04
  6.9125720E+00
   13  2.9000E+01
  1.2700E+00
    2
  3.0000E+02  1.0000E+03    7
  2.8983290E+00
  6.1991460E-03
 -9.6230840E-06
  1.0898249E-08
 -4.5748850E-12
  4.1599220E+03
  8.9836140E+00
  1.0000E+03  5.0000E+03    7
  3.5572710E+00
  3.3455720E-03
 -1.3350060E-06
  2.4705720E-10
 -1.7138500E-14
  3.9163240E+03
  5.5522990E+00
   14  3.1000E+01
  1.0000E+00
    2
  2.5000E+02  1.0000E+03    7
  2.8626280E+00
  1.0015273E-02
 -5.2854350E-07
 -5.1385390E-09
  2.2460410E-12
 -3.3496780E+03
  1.0397938E+01
  1.0000E+03  4.0000E+03    7
  6.3275200E+00
  3.6082700E-03
 -3.2015470E-07
 -1.9387500E-10
  3.5097040E-14
 -4.4745090E+03
 -8.3293650E+00
   15  3.2000E+01
  1.0000E+00
    2
  3.0000E+02  1.0000E+03    7
  2.6601150E+00
  7.3415080E-03
  7.1700500E-06
 -8.7931940E-09
  2.3905700E-12
 -2.5353480E+04
  1.1232631E+01
  1.0000E+03  5.0000E+03    7
  4.0290610E+00
  9.3765930E-03
 -3.0502540E-06
  4.3587930E-10
 -2.2247230E-14
 -2.6157910E+04
  2.3781950E+00
   16  1.5000E+01
  1.0000E+00
    2
  3.0000E+02  1.0000E+03    7
  2.4304420E+00
  1.1124099E-02
 -1.6802200E-05
  1.6218288E-08
 -5.8649520E-12
  1.6423781E+04
  6.7897940E+00
  1.0000E+03  5.0000E+03    7
  2.8440510E+00
  6.1379740E-03
 -2.2303450E-06
  3.7851610E-10
 -2.4521590E-14
  1.6437809E+04
  5.4526970E+00
   17  3.1000E+01
  1.3000E+00
    2
  3.0000E+02  1.0000E+03    7
  2.1062040E+00
  7.2165950E-03
  5.3384720E-06
 -7.3776360E-09
  2.0756100E-12
  9.7860110E+02
  1.3152177E+01
  1.0000E+03  3.0000E+03    7
  3.7707990E+00
  7.8714970E-03
 -2.6563840E-06
  3.9444310E-10
 -2.1126160E-14
  1.2783252E+02
  2.9295750E+00
   18  2.8000E+01
  1.0000E+00
    2
  3.0000E+02  1.0000E+03    7
  3.2986770E+00
  1.4082404E-03
 -3.9632220E-06
  5.6415150E-09
 -2.4448540E-12
 -1.0208999E+03
  3.9503720E+00
  1.0000E+03  5.0000E+03    7
  2.9266400E+00
  1.4879768E-03
 -5.6847600E-07
  1.0097038E-10
 -6.7533510E-15
 -9.2279770E+02
  5.9805280E+00
 Step rate data:
   68
    1  2.0000E+11  0.0000E+00  7.0313E+07
    2  5.0600E+01  2.6700E+00  2.6306E+07
    3  1.0000E+05  1.6000E+00  1.3804E+07
    4  1.5000E+06  1.1400E+00  4.1994E+05
    5  1.8000E+12 -1.0000E+00  0.0000E+00
    6  2.9000E+11 -1.0000E+00  0.0000E+00
    7  2.2000E+16 -2.0000E+00  0.0000E+00
    8  2.3000E+12 -8.0000E-01  0.0000E+00
    9  1.5000E+11  0.0000E+00  4.1994E+06
   10  2.5000E+10  0.0000E+00  2.9006E+06
   11  3.0000E+10  0.0000E+00  7.2013E+06
   12  1.8000E+10  0.0000E+00 -1.6998E+06
   13  6.0000E+10  0.0000E+00  0.0000E+00
   14  2.5000E+08  0.0000E+00 -5.2000E+06
   15  3.2500E+16 -2.0000E+00  0.0000E+00
   16  1.7000E+09  0.0000E+00  1.5705E+07
   17  1.0000E+10  0.0000E+00  1.5005E+07
   18  2.8030E+10  0.0000E+00  2.6804E+07
   19  5.4000E+09  0.0000E+00  4.1994E+06
   20  6.0000E+03  1.5000E+00 -3.1024E+06
   21  1.5000E+11  0.0000E+00  9.8750E+07
   22  7.1000E+07  0.0000E+00 -1.9004E+07
   23  2.5000E+09  0.0000E+00  2.0004E+08
   24  7.1000E+11  0.0000E+00  7.0313E+07
   25  9.0000E+10  0.0000E+00  0.0000E+00
   26  3.0000E+10  0.0000E+00  0.0000E+00
   27  3.0000E+10  0.0000E+00  0.0000E+00
   28  1.0000E+11  0.0000E+00  0.0000E+00
   29  3.0000E+09  0.0000E+00  0.0000E+00
   30  3.0000E+10  0.0000E+00  0.0000E+00
   31  5.0000E+13  0.0000E+00  3.2006E+08
   32  2.3000E+07  1.0500E+00  1.3703E+07
   33  4.1500E+08  5.7000E-01  1.1602E+07
   34  3.4000E+06  1.2000E+00 -1.9004E+06
   35  3.0000E+09  0.0000E+00  0.0000E+00
   36  1.0000E+08  0.0000E+00  2.5505E+07
   37  6.0000E+10  0.0000E+00  1.7073E+08
   38  1.9300E+33 -7.0000E+00  3.8007E+07
   39  8.4300E+10  0.0000E+00  0.0000E+00
   40  2.2600E+11  0.0000E+00  6.4812E+07
   41  4.7500E+13 -1.3000E-01  8.8016E+07
   42  3.3000E+08  0.0000E+00  3.7409E+07
   43  1.8000E+10  0.0000E+00  0.0000E+00
   44  3.6000E+09  0.0000E+00  0.0000E+00
   45  5.0000E+10  0.0000E+00  1.0502E+08
   46  1.8000E+10  0.0000E+00  0.0000E+00
   47  4.0000E+07  0.0000E+00  8.9011E+06
   48  6.0000E+08  0.0000E+00  1.2284E+08
   49  1.1000E+10  0.0000E+00  0.0000E+00
   50  1.4000E+09  0.0000E+00  0.0000E+00
   51  5.0000E+10  0.0000E+00  1.0502E+08
   52  3.0000E+10  0.0000E+00  0.0000E+00
   53  1.0000E+10  0.0000E+00  3.0007E+07
   54  1.3000E+01  3.0000E+00  3.3607E+07
   55  6.9230E+05  1.5600E+00  3.5508E+07
   56  1.6000E+04  1.8300E+00  1.1602E+07
   57  1.1000E+10  0.0000E+00  1.0312E+08
   58  9.5100E+29 -4.3000E+00  4.0405E+08
   59  4.0000E+10  0.0000E+00  2.5506E+07
   60  1.0000E+10  0.0000E+00  1.9603E+07
   61  1.0000E+10  0.0000E+00  7.1008E+06
   62  6.2000E+09  0.0000E+00  8.1115E+07
   63  1.0000E+04  1.7000E+00  4.7910E+07
   64  9.0000E+09  0.0000E+00  4.1106E+07
   65  2.0000E+08  0.0000E+00  2.9305E+07
   66  2.2000E+01  1.7000E+00  4.5408E+07
   67  1.5300E+09  0.0000E+00  3.3326E+08
   68  3.0000E+10  0.0000E+00  0.0000E+00
 Step species-list:
    1    4
    1    1       2
    1    2       6
    1    3       7
    1    4       8
    2    4
    2    1       5
    2    2       6
    2    3       7
    2    4       8
    3    4
    3    1       4
    3    2       5
    3    3       7
    3    4       8
    4    3
    4    1       4
    4    2       6
    4    3       7
    5    2
    5    1       5
    5    2       8
    6    2
    6    1       2
    6    2       6
    7    3
    7    1       4
    7    2       7
    7    3       8
    8    3
    8    1       2
    8    2       8
    8    3       9
    9    3
    9    1       7
    9    2       8
    9    3       9
   10    4
   10    1       2
   10    2       5
   10    3       8
   10    4       9
   11    4
   11    1       4
   11    2       6
   11    3       8
   11    4       9
   12    4
   12    1       2
   12    2       6
   12    3       7
   12    4       9
   13    4
   13    1       2
   13    2       4
   13    3       7
   13    4       9
   14    3
   14    1       2
   14    2       9
   14    3      10
   15    2
   15    1       7
   15    2      10
   16    4
   16    1       5
   16    2       8
   16    3       9
   16    4      10
   17    4
   17    1       4
   17    2       7
   17    3       8
   17    4      10
   18    4
   18    1       6
   18    2       7
   18    3       9
   18    4      10
   19    4
   19    1       4
   19    2       7
   19    3       9
   19    4      10
   20    4
   20    1       3
   20    2       7
   20    3       8
   20    4      11
   21    4
   21    1       3
   21    2       7
   21    3       9
   21    4      11
   22    3
   22    1       3
   22    2       6
   22    3      11
   23    4
   23    1       2
   23    2       3
   23    3       6
   23    4      11
   24    3
   24    1       8
   24    2      11
   24    3      13
   25    4
   25    1       5
   25    2       8
   25    3      11
   25    4      13
   26    4
   26    1       6
   26    2       7
   26    3      11
   26    4      13
   27    4
   27    1       3
   27    2       6
   27    3       8
   27    4      13
   28    4
   28    1       4
   28    2       7
   28    3      11
   28    4      13
   29    4
   29    1       2
   29    2       9
   29    3      11
   29    4      13
   30    3
   30    1      11
   30    2      12
   30    3      13
   31    3
   31    1       8
   31    2      12
   31    3      13
   32    4
   32    1       5
   32    2       8
   32    3      12
   32    4      13
   33    4
   33    1       6
   33    2       7
   33    3      12
   33    4      13
   34    4
   34    1       4
   34    2       7
   34    3      12
   34    4      13
   35    4
   35    1       9
   35    2      10
   35    3      12
   35    4      13
   36    4
   36    1       1
   36    2      12
   36    3      13
   36    4      16
   37    4
   37    1       2
   37    2       9
   37    3      12
   37    4      13
   38    3
   38    1       1
   38    2       8
   38    3      16
   39    4
   39    1       6
   39    2       8
   39    3      12
   39    4      16
   40    4
   40    1       7
   40    2       8
   40    3      16
   40    4      17
   41    4
   41    1       7
   41    2       8
   41    3      16
   41    4      17
   42    4
   42    1       2
   42    2       7
   42    3      12
   42    4      16
   43    4
   43    1       7
   43    2       9
   43    3      16
   43    4      17
   44    4
   44    1       1
   44    2       2
   44    3       9
   44    4      16
   45    3
   45    1       8
   45    2      12
   45    3      17
   46    4
   46    1       5
   46    2       8
   46    3      12
   46    4      17
   47    4
   47    1       2
   47    2       9
   47    3      12
   47    4      17
   48    4
   48    1      12
   48    2      13
   48    3      15
   48    4      17
   49    4
   49    1       2
   49    2       6
   49    3      16
   49    4      17
   50    4
   50    1       6
   50    2       7
   50    3      12
   50    4      17
   51    3
   51    1       8
   51    2      12
   51    3      14
   52    4
   52    1       5
   52    2       8
   52    3      12
   52    4      14
   53    4
   53    1       2
   53    2       9
   53    3      12
   53    4      14
   54    4
   54    1       1
   54    2       5
   54    3       8
   54    4      16
   55    4
   55    1       1
   55    2       6
   55    3       7
   55    4      16
   56    4
   56    1       1
   56    2       4
   56    3       7
   56    4      16
   57    4
   57    1       1
   57    2       9
   57    3      10
   57    4      16
   58    3
   58    1       7
   58    2      15
   58    3      16
   59    4
   59    1       5
   59    2       8
   59    3      14
   59    4      15
   60    4
   60    1       6
   60    2       7
   60    3      14
   60    4      15
   61    4
   61    1       4
   61    2       7
   61    3      14
   61    4      15
   62    4
   62    1       9
   62    2      10
   62    3      14
   62    4      15
   63    4
   63    1       9
   63    2      10
   63    3      14
   63    4      15
   64    4
   64    1       1
   64    2      14
   64    3      15
   64    4      16
   65    3
   65    1      14
   65    2      15
   65    3      17
   66    3
   66    1      14
   66    2      15
   66    3      17
   67    3
   67    1      12
   67    2      15
   67    3      17
   68    3
   68    1      12
   68    2      15
   68    3      17
 Step reactant-list:
    1    2
    1    1       2
    1    2       8
    2    2
    2    1       5
    2    2       6
    3    2
    3    1       5
    3    2       7
    4    2
    4    1       7
    4    2       7
    5    2
    5    1       8
    5    2       8
    6    2
    6    1       6
    6    2       6
    7    2
    7    1       7
    7    2       8
    8    2
    8    1       2
    8    2       8
    9    2
    9    1       8
    9    2       9
   10    2
   10    1       8
   10    2       9
   11    2
   11    1       8
   11    2       9
   12    2
   12    1       6
   12    2       9
   13    2
   13    1       7
   13    2       9
   14    2
   14    1       9
   14    2       9
   15    2
   15    1       7
   15    2       7
   16    2
   16    1       8
   16    2      10
   17    2
   17    1       8
   17    2      10
   18    2
   18    1       6
   18    2      10
   19    2
   19    1       7
   19    2      10
   20    2
   20    1       7
   20    2      11
   21    2
   21    1       9
   21    2      11
   22    2
   22    1       6
   22    2      11
   23    2
   23    1       2
   23    2      11
   24    1
   24    1      13
   25    2
   25    1       8
   25    2      13
   26    2
   26    1       6
   26    2      13
   27    2
   27    1       6
   27    2      13
   28    2
   28    1       7
   28    2      13
   29    2
   29    1       2
   29    2      13
   30    2
   30    1      13
   30    2      13
   31    1
   31    1      12
   32    2
   32    1       8
   32    2      12
   33    2
   33    1       6
   33    2      12
   34    2
   34    1       7
   34    2      12
   35    2
   35    1       9
   35    2      12
   36    2
   36    1      12
   36    2      16
   37    2
   37    1       2
   37    2      12
   38    2
   38    1       8
   38    2      16
   39    2
   39    1       6
   39    2      16
   40    2
   40    1       7
   40    2      16
   41    2
   41    1       8
   41    2      17
   42    2
   42    1       2
   42    2      16
   43    2
   43    1       9
   43    2      16
   44    2
   44    1       9
   44    2      16
   45    1
   45    1      17
   46    2
   46    1       8
   46    2      17
   47    2
   47    1       2
   47    2      17
   48    2
   48    1      12
   48    2      17
   49    2
   49    1       6
   49    2      17
   50    2
   50    1       6
   50    2      17
   51    1
   51    1      14
   52    2
   52    1       8
   52    2      14
   53    2
   53    1       2
   53    2      14
   54    2
   54    1       1
   54    2       8
   55    2
   55    1       1
   55    2       6
   56    2
   56    1       1
   56    2       7
   57    2
   57    1       1
   57    2       9
   58    1
   58    1      15
   59    2
   59    1       8
   59    2      15
   60    2
   60    1       6
   60    2      15
   61    2
   61    1       7
   61    2      15
   62    2
   62    1       9
   62    2      15
   63    2
   63    1      10
   63    2      14
   64    2
   64    1      15
   64    2      16
   65    2
   65    1      15
   65    2      17
   66    2
   66    1      14
   66    2      15
   67    2
   67    1      12
   67    2      15
   68    2
   68    1      17
   68    2      17
 Step product-list:
    1    2
    1    1       6
    1    2       7
    2    2
    2    1       7
    2    2       8
    3    2
    3    1       4
    3    2       8
    4    2
    4    1       4
    4    2       6
    5    1
    5    1       5
    6    1
    6    1       2
    7    1
    7    1       4
    8    1
    8    1       9
    9    2
    9    1       7
    9    2       7
   10    2
   10    1       2
   10    2       5
   11    2
   11    1       4
   11    2       6
   12    2
   12    1       2
   12    2       7
   13    2
   13    1       2
   13    2       4
   14    2
   14    1       2
   14    2      10
   15    1
   15    1      10
   16    2
   16    1       5
   16    2       9
   17    2
   17    1       4
   17    2       7
   18    2
   18    1       7
   18    2       9
   19    2
   19    1       4
   19    2       9
   20    2
   20    1       3
   20    2       8
   21    2
   21    1       3
   21    2       7
   22    1
   22    1       3
   23    2
   23    1       3
   23    2       6
   24    2
   24    1       8
   24    2      11
   25    2
   25    1       5
   25    2      11
   26    2
   26    1       7
   26    2      11
   27    2
   27    1       3
   27    2       8
   28    2
   28    1       4
   28    2      11
   29    2
   29    1       9
   29    2      11
   30    2
   30    1      11
   30    2      12
   31    2
   31    1       8
   31    2      13
   32    2
   32    1       5
   32    2      13
   33    2
   33    1       7
   33    2      13
   34    2
   34    1       4
   34    2      13
   35    2
   35    1      10
   35    2      13
   36    2
   36    1       1
   36    2      13
   37    2
   37    1       9
   37    2      13
   38    1
   38    1       1
   39    2
   39    1       8
   39    2      12
   40    2
   40    1       8
   40    2      17
   41    2
   41    1       7
   41    2      16
   42    2
   42    1       7
   42    2      12
   43    2
   43    1       7
   43    2      17
   44    2
   44    1       1
   44    2       2
   45    2
   45    1       8
   45    2      12
   46    2
   46    1       5
   46    2      12
   47    2
   47    1       9
   47    2      12
   48    2
   48    1      13
   48    2      15
   49    2
   49    1       2
   49    2      16
   50    2
   50    1       7
   50    2      12
   51    2
   51    1       8
   51    2      12
   52    2
   52    1       5
   52    2      12
   53    2
   53    1       9
   53    2      12
   54    2
   54    1       5
   54    2      16
   55    2
   55    1       7
   55    2      16
   56    2
   56    1       4
   56    2      16
   57    2
   57    1      10
   57    2      16
   58    2
   58    1       7
   58    2      16
   59    2
   59    1       5
   59    2      14
   60    2
   60    1       7
   60    2      14
   61    2
   61    1       4
   61    2      14
   62    2
   62    1      10
   62    2      14
   63    2
   63    1       9
   63    2      15
   64    2
   64    1       1
   64    2      14
   65    2
   65    1      14
   65    2      15
   66    2
   66    1      15
   66    2      17
   67    2
   67    1      17
   67    2      17
   68    2
   68    1      12
   68    2      15
 Step reactant coefficient-list:
    1    0
    2    0
    3    0
    4    0
    5    0
    6    0
    7    0
    8    0
    9    0
   10    0
   11    0
   12    0
   13    0
   14    0
   15    0
   16    0
   17    0
   18    0
   19    0
   20    0
   21    0
   22    0
   23    0
   24    0
   25    0
   26    0
   27    0
   28    0
   29    0
   30    0
   31    0
   32    0
   33    0
   34    0
   35    0
   36    0
   37    0
   38    0
   39    0
   40    0
   41    0
   42    0
   43    0
   44    0
   45    0
   46    0
   47    0
   48    0
   49    0
   50    0
   51    0
   52    0
   53    0
   54    0
   55    0
   56    0
   57    0
   58    0
   59    0
   60    0
   61    0
   62    0
   63    0
   64    0
   65    0
   66    0
   67    0
   68    0
 Step product coefficient-list:
    1    0
    2    0
    3    0
    4    0
    5    0
    6    0
    7    0
    8    0
    9    0
   10    0
   11    0
   12    0
   13    0
   14    0
   15    0
   16    0
   17    0
   18    0
   19    0
   20    0
   21    0
   22    0
   23    0
   24    0
   25    0
   26    0
   27    0
   28    0
   29    0
   30    0
   31    0
   32    0
   33    0
   34    0
   35    0
   36    0
   37    0
   38    0
   39    0
   40    0
   41    0
   42    0
   43    0
   44    0
   45    0
   46    0
   47    0
   48    0
   49    0
   50    0
   51    0
   52    0
   53    0
   54    0
   55    0
   56    0
   57    0
   58    0
   59    0
   60    0
   61    0
   62    0
   63    0
   64    0
   65    0
   66    0
   67    0
   68    0
 Species delta-list:
    1    1 -1.0
    1    2  1.0
    1    3  1.0
    1    4 -1.0
    2    1 -1.0
    2    2 -1.0
    2    3  1.0
    2    4  1.0
    3    1  1.0
    3    2 -1.0
    3    3 -1.0
    3    4  1.0
    4    1  1.0
    4    2  1.0
    4    3 -2.0
    5    1  1.0
    5    2 -2.0
    6    1  1.0
    6    2 -2.0
    7    1  1.0
    7    2 -1.0
    7    3 -1.0
    8    1 -1.0
    8    2 -1.0
    8    3  1.0
    9    1  2.0
    9    2 -1.0
    9    3 -1.0
   10    1  1.0
   10    2  1.0
   10    3 -1.0
   10    4 -1.0
   11    1  1.0
   11    2  1.0
   11    3 -1.0
   11    4 -1.0
   12    1  1.0
   12    2 -1.0
   12    3  1.0
   12    4 -1.0
   13    1  1.0
   13    2  1.0
   13    3 -1.0
   13    4 -1.0
   14    1  1.0
   14    2 -2.0
   14    3  1.0
   15    1 -2.0
   15    2  1.0
   16    1  1.0
   16    2 -1.0
   16    3  1.0
   16    4 -1.0
   17    1  1.0
   17    2  1.0
   17    3 -1.0
   17    4 -1.0
   18    1 -1.0
   18    2  1.0
   18    3  1.0
   18    4 -1.0
   19    1  1.0
   19    2 -1.0
   19    3  1.0
   19    4 -1.0
   20    1  1.0
   20    2 -1.0
   20    3  1.0
   20    4 -1.0
   21    1  1.0
   21    2  1.0
   21    3 -1.0
   21    4 -1.0
   22    1  1.0
   22    2 -1.0
   22    3 -1.0
   23    1 -1.0
   23    2  1.0
   23    3  1.0
   23    4 -1.0
   24    1  1.0
   24    2  1.0
   24    3 -1.0
   25    1  1.0
   25    2 -1.0
   25    3  1.0
   25    4 -1.0
   26    1 -1.0
   26    2  1.0
   26    3  1.0
   26    4 -1.0
   27    1  1.0
   27    2 -1.0
   27    3  1.0
   27    4 -1.0
   28    1  1.0
   28    2 -1.0
   28    3  1.0
   28    4 -1.0
   29    1 -1.0
   29    2  1.0
   29    3  1.0
   29    4 -1.0
   30    1  1.0
   30    2  1.0
   30    3 -2.0
   31    1  1.0
   31    2 -1.0
   31    3  1.0
   32    1  1.0
   32    2 -1.0
   32    3 -1.0
   32    4  1.0
   33    1 -1.0
   33    2  1.0
   33    3 -1.0
   33    4  1.0
   34    1  1.0
   34    2 -1.0
   34    3 -1.0
   34    4  1.0
   35    1 -1.0
   35    2  1.0
   35    3 -1.0
   35    4  1.0
   36    1  1.0
   36    2 -1.0
   36    3  1.0
   36    4 -1.0
   37    1 -1.0
   37    2  1.0
   37    3 -1.0
   37    4  1.0
   38    1  1.0
   38    2 -1.0
   38    3 -1.0
   39    1 -1.0
   39    2  1.0
   39    3  1.0
   39    4 -1.0
   40    1 -1.0
   40    2  1.0
   40    3 -1.0
   40    4  1.0
   41    1  1.0
   41    2 -1.0
   41    3  1.0
   41    4 -1.0
   42    1 -1.0
   42    2  1.0
   42    3  1.0
   42    4 -1.0
   43    1  1.0
   43    2 -1.0
   43    3 -1.0
   43    4  1.0
   44    1  1.0
   44    2  1.0
   44    3 -1.0
   44    4 -1.0
   45    1  1.0
   45    2  1.0
   45    3 -1.0
   46    1  1.0
   46    2 -1.0
   46    3  1.0
   46    4 -1.0
   47    1 -1.0
   47    2  1.0
   47    3  1.0
   47    4 -1.0
   48    1 -1.0
   48    2  1.0
   48    3  1.0
   48    4 -1.0
   49    1  1.0
   49    2 -1.0
   49    3  1.0
   49    4 -1.0
   50    1 -1.0
   50    2  1.0
   50    3  1.0
   50    4 -1.0
   51    1  1.0
   51    2  1.0
   51    3 -1.0
   52    1  1.0
   52    2 -1.0
   52    3  1.0
   52    4 -1.0
   53    1 -1.0
   53    2  1.0
   53    3  1.0
   53    4 -1.0
   54    1 -1.0
   54    2  1.0
   54    3 -1.0
   54    4  1.0
   55    1 -1.0
   55    2 -1.0
   55    3  1.0
   55    4  1.0
   56    1 -1.0
   56    2  1.0
   56    3 -1.0
   56    4  1.0
   57    1 -1.0
   57    2 -1.0
   57    3  1.0
   57    4  1.0
   58    1  1.0
   58    2 -1.0
   58    3  1.0
   59    1  1.0
   59    2 -1.0
   59    3  1.0
   59    4 -1.0
   60    1 -1.0
   60    2  1.0
   60    3  1.0
   60    4 -1.0
   61    1  1.0
   61    2 -1.0
   61    3  1.0
   61    4 -1.0
   62    1 -1.0
   62    2  1.0
   62    3  1.0
   62    4 -1.0
   63    1  1.0
   63    2 -1.0
   63    3 -1.0
   63    4  1.0
   64    1  1.0
   64    2  1.0
   64    3 -1.0
   64    4 -1.0
   65    1  1.0
   65    2  0.0
   65    3 -1.0
   66    1 -1.0
   66    2  0.0
   66    3  1.0
   67    1 -1.0
   67    2 -1.0
   67    3  2.0
   68    1  1.0
   68    2  1.0
   68    3 -2.0
 Third-body list:
    1
    1   M         
 Third-body step-list:
    1       0
    2       0
    3       0
    4       0
    5       1
    6       1
    7       1
    8       1
    9       0
   10       0
   11       0
   12       0
   13       0
   14       0
   15       1
   16       0
   17       0
   18       0
   19       0
   20       0
   21       0
   22       1
   23       0
   24       1
   25       0
   26       0
   27       0
   28       0
   29       0
   30       0
   31       1
   32       0
   33       0
   34       0
   35       0
   36       0
   37       0
   38       0
   39       0
   40       0
   41       0
   42       0
   43       0
   44       0
   45       1
   46       0
   47       0
   48       0
   49       0
   50       0
   51       1
   52       0
   53       0
   54       0
   55       0
   56       0
   57       0
   58       0
   59       0
   60       0
   61       0
   62       0
   63       0
   64       0
   65       0
   66       0
   67       0
   68       0
 Third-body efficiencies:
    1    1  6.5000E+00
    1    2  4.0000E-01
    1    3  1.5000E+00
    1    4  6.5000E+00
    1    5  1.0000E+00
    1    6  1.0000E+00
    1    7  1.0000E+00
    1    8  1.0000E+00
    1    9  1.0000E+00
    1   10  1.0000E+00
    1   11  7.5000E-01
    1   12  1.0000E+00
    1   13  1.0000E+00
    1   14  1.0000E+00
    1   15  1.0000E+00
    1   16  1.0000E+00
    1   17  1.0000E+00
    1   18  4.0000E-01
 Gibbs step-list:
   58
    1       1
    2       2
    3       3
    4       4
    5       5
    6       6
    7       7
    8       8
    9       9
   10      10
   11      11
   12      12
   13      13
   14      14
   15      15
   16      16
   17      17
   18      18
   19      19
   20      20
   21      21
   22      22
   23      23
   24      24
   25      25
   26      26
   27      27
   28      28
   29      29
   30      30
   31      31
   32      32
   33      33
   34      34
   35      35
   36      36
   37      37
   38      38
   39      39
   40       0
   41       0
   42       0
   43      43
   44      44
   45      45
   46      46
   47      47
   48       0
   49      49
   50      50
   51      51
   52      52
   53      53
   54      54
   55      55
   56      56
   57      57
   58      58
   59      59
   60      60
   61      61
   62       0
   63       0
   64      64
   65       0
   66       0
   67       0
   68       0
 Lindemann step-list:
    0
 Lindemann step rate data:
 Troe step-list:
    0
 Troe step rate data:
 SRI step-list:
    0
 SRI step rate data:
 End of file
